0.13
1.38
0.31
1.06
2.34
2.09
0.22
1.37
2.33
2.07
2.04
1.07
0.13
1.17
1.98
2.03
2.13
2.24
1.15
0.05
0.89
1.18
0.08
0.63
0.9
0.16
1.64
0.76
0.34
0.9
1.72
1.17
0.13
1.2
1.57
0.08
1.45
2.09
2.01
1.8
0.18
0.72
1.8
1.42
0.48
0.44
1.08
2.0
1.17
0.33
1.78
0.86
0.1
1.74
2.06
1.42
0.1
0.54
1.8
1.83
0.18
0.3
0.28
1.14
1.18
0.16
1.05
0.68
0.22
1.12
2.14
2.1
0.15
0.15
1.16
0.18
1.23
1.4
2.16
1.48
0.24
1.74
2.11
2.23
2.2
2.23
2.22
1.4
0.08
1.05
2.06
2.23
2.04
1.85
0.1
0.18
0.34
1.46
0.08
0.89
0.26
1.22
2.31
0.91
0.15
1.8
0.58
0.31
1.28
1.78
1.53
1.57
0.9
0.25
1.49
1.46
1.7
1.63
1.09
0.13
1.44
0.62
0.21
0.3
0.22
0.2
0.47
0.22
0.53
0.36
0.51
0.32
0.34
0.37
0.24
0.31
0.29
0.79
0.48
0.32
0.73
0.36
0.74
1.2
1.51
1.37
0.38
0.97
1.23
1.5
0.58
0.41
1.19
1.51
1.52
0.26
1.54
1.14
0.55
0.43
0.49
0.19
0.93
1.39
0.64
1.23
1.56
0.79
0.56
1.68
1.38
0.34
0.96
1.75
1.92
1.75
1.7
0.94
0.63
1.77
1.83
1.69
0.22
1.29
1.64
1.54
0.19
0.35
1.79
0.29
0.71
0.9
0.38
0.8
0.88
0.32
1.03
0.56
0.68
0.77
1.12
0.8
0.27
1.43
0.35
0.68
0.53
0.36
1.19
0.85
0.47
1.25
1.4
1.3
1.28
1.62
1.64
1.52
0.8
0.16
0.05
0.4
0.34
0.32
2.13
0.21
0.1
0.06
0.21
1.19
1.93
1.75
1.02
0.18
0.12
1.58
0.39
0.18
0.08
0.14
0.05
0.02
0.2
0.09
0.03
1.01
0.13
0.31
0.28
0.1
0.12
0.11
0.33
0.14
0.23
0.28
0.16
0.2
0.16
0.16
0.19
0.14
0.09
0.2
0.27
0.09
0.12
0.14
0.08
0.13
0.17
0.13
0.09
0.2
0.19
0.19
0.18
0.13
0.11
0.15
0.17
0.12
0.13
0.1
0.14
0.15
0.16
0.17
0.1
0.15
0.18
0.15
0.09
0.15
0.13
0.12
0.12
0.09
0.13
0.13
0.11
0.14
0.1
0.2
0.17
0.18
0.14
0.19
0.13
0.15
0.14
0.1
0.15
0.11
0.12
0.12
0.12
0.12
0.11
0.16
0.11
0.12
0.1
0.11
0.12
0.12
0.23
0.17
0.12
0.13
0.12
0.15
0.2
0.16
0.13
0.15
0.14
0.21
0.08
0.14
0.14
0.12
0.12
0.11
0.19
0.21
0.09
0.13
0.1
0.22
0.12
0.18
0.1
0.25
0.22
0.24
0.12
0.21
0.12
0.21
0.15
0.17
0.16
0.13
0.2
0.2
0.18
0.21
0.17
0.26
0.28
0.16
0.17
0.02
0.95
0.12
0.1
1.36
0.15
0.14
0.12
0.91
0.2
0.8
0.59
0.13
1.2
0.24
0.13
0.17
0.71
0.27
0.1
1.54
0.45
0.13
0.67
0.61
0.13
0.91
1.35
0.11
0.18
0.67
1.08
0.37
0.82
0.5
0.17
1.83
1.16
0.18
1.38
0.33
0.48
1.75
0.29
0.34
0.75
0.07
0.89
0.6
0.16
1.25
0.21
0.59
0.33
0.41
0.86
0.09
0.09
0.81
0.41
0.25
0.2
0.21
0.24
0.38
0.26
0.11
0.33
0.13
0.18
0.47
0.57
0.47
0.35
0.44
1.08
0.24
0.1
0.43
0.45
0.4
0.89
0.53
0.06
0.54
0.7
0.11
1.07
0.79
0.05
0.97
1.61
0.32
0.8
1.33
1.95
0.22
0.21
0.49
1.42
0.9
0.18
0.53
1.45
0.55
0.29
0.9
1.5
1.43
0.17
0.13
1.46
0.63
0.16
1.2
0.56
0.18
0.84
0.96
0.15
1.48
1.88
1.69
0.18
0.22
1.35
1.82
1.87
0.32
0.34
1.84
0.32
0.08
0.58
1.58
2.07
1.88
1.05
0.12
0.91
2.04
0.44
0.52
1.55
2.02
0.69
0.37
0.83
0.23
1.33
1.77
1.19
0.15
0.95
1.78
1.59
1.72
1.64
0.26
0.18
0.88
2.05
0.78
1.47
1.62
1.88
1.39
0.79
0.16
1.53
1.82
1.86
1.38
0.13
0.17
1.66
1.65
0.22
1.14
1.69
1.69
0.75
0.14
1.31
1.68
1.62
1.6
0.52
0.37
2.05
1.09
0.1
0.49
1.96
1.14
0.11
1.2
1.29
0.99
0.36
1.55
1.5
1.67
1.82
1.93
2.05
0.52
0.22
0.94
0.25
0.71
0.2
0.86
0.42
0.74
0.74
0.38
0.32
0.31
0.3
0.14
0.26
0.23
0.12
0.23
0.53
0.41
0.7
0.23
0.24
0.62
0.4
0.26
0.46
0.82
0.21
0.58
0.55
0.61
0.63
0.48
0.62
0.55
0.74
0.82
0.84
0.79
0.81
0.85
0.7
0.17
0.46
0.48
0.19
0.71
0.57
0.6
0.67
0.95
0.85
0.48
0.15
0.91
0.8
0.34
0.2
0.76
0.74
0.3
0.38
0.41
0.37
0.26
0.21
0.37
0.65
0.6
0.61
0.21
0.67
0.42
0.31
0.4
0.71
0.96
0.94
0.76
0.85
0.81
0.81
0.78
0.99
0.84
0.96
0.9
0.93
1.02
0.99
0.83
0.84
0.69
0.78
0.87
0.88
0.73
0.82
0.87
0.9
0.96
0.92
0.97
0.93
0.95
0.97
0.95
0.98
0.97
1.04
0.85
0.95
0.89
0.9
0.92
0.99
0.86
0.99
0.87
0.88
0.84
1.01
0.94
0.93
0.83
0.84
0.87
0.39
0.3
0.26
0.46
0.14
1.11
0.29
1.48
0.35
0.32
0.57
0.1
0.87
0.6
0.32
0.48
0.31
0.33
0.87
1.19
0.32
0.12
0.45
0.47
0.3
0.28
0.33
0.4
0.69
0.8
0.53
0.93
0.8
0.72
0.77
0.8
0.91
0.78
0.8
0.73
0.78
0.88
0.65
0.9
0.78
0.76
0.8
0.98
0.9
0.94
0.8
0.93
1.02
1.08
1.04
1.05
1.19
0.86
0.48
0.73
0.45
0.86
0.8
0.26
0.47
0.42
1.35
1.29
1.53
1.6
1.6
1.83
0.33
0.58
0.48
0.23
0.48
0.51
0.59
0.27
0.4
0.35
0.18
0.3
0.29
0.46
0.73
0.67
0.87
0.88
0.9
0.7
0.78
0.83
0.2
0.73
0.82
0.56
0.7
0.74
0.78
2.08
0.27
1.04
1.41
1.45
1.62
1.5
1.54
0.58
1.0
1.3
0.15
0.56
0.63
0.38
0.41
0.53
0.86
0.88
0.74
0.87
0.99
0.97
0.37
0.27
0.27
0.15
0.13
0.23
0.33
0.58
0.82
0.79
0.72
0.71
0.7
0.78
0.82
0.78
0.62
0.68
0.81
0.91
0.91
0.95
0.82
0.4
0.4
1.07
0.42
0.68
1.04
1.03
1.03
0.28
0.42
0.7
0.88
0.88
1.05
0.76
0.44
0.56
0.43
0.5
0.54
0.63
0.81
0.5
0.18
0.51
0.8
0.41
0.44
0.43
0.54
0.6
0.68
0.81
0.87
0.88
1.05
0.93
0.79
0.52
0.48
0.38
0.55
0.32
0.69
0.73
0.99
0.52
0.94
0.85
0.92
0.61
0.91
0.76
0.96
1.04
0.74
0.98
0.98
0.77
0.87
0.74
0.7
0.86
0.77
0.14
0.29
0.49
0.81
0.34
0.24
0.35
0.19
0.18
0.25
0.1
0.1
0.38
0.35
0.33
0.4
0.2
0.47
0.52
0.65
0.71
0.39
0.25
0.48
0.71
0.65
0.2
0.6
0.35
0.34
0.68
0.98
1.06
0.94
0.53
1.17
1.29
1.47
0.66
0.85
1.15
1.24
1.65
1.25
0.15
1.53
1.48
0.2
0.64
1.48
1.59
1.56
1.24
0.24
0.94
1.0
0.93
1.63
1.27
0.33
0.75
1.27
1.4
1.65
1.0
0.22
1.44
1.72
0.18
0.49
0.95
0.42
0.83
0.83
0.77
0.19
0.58
0.53
0.26
0.45
1.04
1.27
0.66
1.19
1.31
1.44
0.66
0.22
1.15
1.57
1.61
1.37
0.68
0.54
0.76
1.42
0.74
0.31
1.6
1.89
1.43
1.52
1.14
1.25
1.48
1.44
1.47
1.05
0.82
0.47
1.03
1.25
1.3
1.34
1.11
1.43
1.39
1.5
0.14
0.87
1.46
0.41
0.45
1.34
0.99
1.29
0.38
0.79
0.94
0.21
0.82
0.91
0.67
0.35
0.5
0.34
0.43
0.47
0.52
0.32
0.36
0.29
0.32
0.55
0.62
0.4
0.32
0.42
0.06
0.23
0.38
0.73
0.28
0.74
0.89
1.06
1.65
0.59
0.51
1.59
1.43
1.41
0.73
0.64
1.65
1.61
0.37
0.73
1.32
1.23
0.2
0.64
0.75
0.81
1.35
1.04
0.35
0.28
0.3
0.28
0.12
0.17
0.17
0.22
0.36
0.32
1.03
0.48
0.89
0.4
0.72
1.05
1.0
1.08
1.15
1.21
1.02
1.0
1.46
1.38
1.48
1.34
1.04
1.21
1.39
1.26
1.16
0.83
0.66
1.33
1.2
1.12
1.32
1.45
1.18
0.48
0.62
1.21
1.13
0.47
0.67
0.64
0.51
0.34
0.27
0.3
0.26
0.17
0.23
0.35
0.28
0.29
0.54
0.47
0.48
0.26
0.46
0.88
0.93
1.19
0.69
0.24
0.19
0.14
0.26
0.18
0.4
1.03
0.21
0.44
0.45
0.38
0.4
0.33
0.45
0.41
0.55
0.4
0.34
0.2
0.39
0.13
0.21
0.36
0.45
0.54
0.58
0.6
0.58
0.67
0.71
0.72
0.66
0.62
0.66
0.27
0.15
0.36
0.33
0.67
0.77
0.74
0.47
0.53
0.84
0.28
0.72
1.02
1.23
1.44
1.48
1.4
1.27
0.79
0.61
0.83
0.31
0.34
0.51
1.16
1.27
1.12
1.03
0.61
0.41
0.09
0.29
0.22
0.3
0.39
0.52
0.49
0.33
0.23
0.51
0.48
0.58
0.7
1.17
1.39
1.28
0.41
0.57
1.13
1.57
1.52
1.41
1.56
1.42
0.87
0.2
0.72
0.65
0.57
0.26
0.23
0.23
0.29
0.25
0.14
0.22
0.22
0.22
0.14
0.19
0.33
0.49
0.49
0.57
0.54
0.43
0.32
0.27
0.28
0.46
0.59
0.31
0.3
0.76
1.06
0.96
1.4
1.18
1.37
0.98
1.2
0.85
0.75
0.79
0.99
1.46
1.66
1.48
1.55
1.56
1.21
0.6
0.85
0.71
0.35
1.26
0.52
1.05
1.12
0.68
0.41
1.11
0.8
0.16
1.05
0.25
1.23
1.12
1.06
1.0
0.12
1.0
1.23
0.79
0.22
1.21
1.39
1.45
0.67
0.27
0.5
0.6
0.49
0.84
1.18
1.35
1.27
1.49
1.84
0.83
0.3
0.45
0.29
0.51
0.44
0.72
0.44
0.34
0.45
0.49
0.24
0.15
0.47
0.29
0.35
0.39
0.19
0.32
0.28
0.38
0.64
0.83
1.05
0.44
0.39
0.78
0.98
0.64
0.47
0.22
0.35
0.26
0.45
0.5
0.48
0.44
0.59
0.64
0.58
0.54
0.48
0.44
0.67
0.66
0.31
0.47
0.59
0.55
0.44
0.37
0.76
0.83
0.64
0.4
0.28
0.26
1.42
0.47
0.66
1.08
0.87
1.14
1.15
0.88
1.32
1.24
1.18
1.32
1.44
1.32
1.3
1.33
1.14
1.46
1.5
1.37
0.88
0.78
1.66
1.55
1.36
0.87
0.96
0.99
0.87
0.2
0.28
0.31
0.39
0.44
0.42
0.23
0.34
0.26
0.14
0.24
0.37
0.28
0.18
0.16
0.15
0.42
0.56
0.4
0.66
0.44
0.69
0.65
0.73
0.89
0.39
0.55
0.71
0.65
0.7
0.71
0.7
0.67
0.4
0.62
0.55
0.76
0.34
0.64
0.81
0.37
0.75
0.63
0.67
0.35
0.71
0.67
0.36
0.44
0.19
0.21
0.22
0.32
0.12
0.32
0.48
0.45
0.44
0.32
0.36
0.78
0.88
1.14
0.95
0.76
1.04
1.16
1.08
0.46
0.61
1.04
1.1
0.98
1.1
1.36
1.17
1.05
0.77
0.13
1.0
0.79
1.03
0.28
0.31
0.28
0.23
0.25
0.41
0.35
0.23
0.31
0.27
0.13
0.14
0.14
0.26
0.18
0.11
0.15
0.35
0.35
0.44
0.34
0.5
0.53
0.33
0.33
0.4
0.41
0.15
0.4
