731 393
731 390
731 390
731 392
731 392
730 389
731 390
739 380
746 359
756 346
754 338
754 336
754 334
754 334
754 334
754 335
755 332
751 324
737 314
737 299
723 283
723 265
715 252
708 231
699 211
689 198
684 183
673 168
664 150
653 137
647 133
648 132
648 132
648 132
648 132
648 132
644 134
630 134
611 138
592 141
575 147
559 158
540 161
520 167
503 175
487 180
472 194
463 203
450 218
437 228
427 243
417 255
410 271
406 283
402 302
398 311
400 325
397 337
404 338
404 338
404 337
402 337
402 336
401 337
402 336
399 337
402 338
399 350
400 359
401 379
401 394
402 414
401 427
403 446
401 459
415 472
422 485
431 496
444 508
457 519
469 529
480 542
495 552
507 566
520 576
530 592
544 601
556 615
569 626
584 639
599 649
612 656
622 657
624 657
624 657
624 657
624 657
624 657
624 657
624 657
623 658
624 657
626 658
641 657
657 654
672 651
688 651
699 651
702 649
700 649
701 649
700 649
700 649
700 649
700 648
701 649
701 649
701 649
709 651
723 656
735 662
747 671
750 676
751 676
750 676
750 676
750 676
750 676
751 674
749 676
740 680
734 688
727 701
721 714
712 731
703 744
701 743
698 740
703 737
706 734
704 726
705 727
704 725
704 725
705 726
703 725
702 724
692 720
681 719
668 722
654 724
640 725
627 730
612 738
599 743
584 742
568 742
557 735
554 734
552 731
551 731
551 731
551 731
551 730
551 731
551 731
549 731
535 728
518 726
501 727
484 732
467 738
453 745
445 748
441 745
440 744
440 745
440 744
440 744
440 743
437 738
426 733
415 725
401 715
388 709
372 705
357 701
340 696
321 692
303 690
286 689
268 691
252 695
235 699
221 706
205 717
191 725
177 735
166 744
160 748
158 748
156 747
157 748
156 748
157 748
156 748
156 747
153 741
146 732
139 722
129 711
121 705
108 695
98 682
83 671
67 664
54 654
42 649
44 639
42 637
42 637
42 637
43 637
48 631
49 622
49 613
50 607
52 606
52 606
52 606
51 608
54 603
54 596
56 585
60 566
61 553
65 534
56 520
54 501
47 486
46 467
43 457
47 444
52 443
52 441
52 441
51 441
52 438
52 442
52 437
52 432
55 414
55 397
55 380
46 364
40 353
39 349
44 339
51 336
51 335
52 334
52 334
52 334
52 335
51 335
46 330
50 313
52 300
56 280
57 265
66 250
60 234
61 213
54 198
45 187
34 174
37 163
38 154
41 139
48 139
47 137
47 138
47 137
47 138
47 138
47 137
47 138
47 139
50 134
62 128
74 122
85 112
96 105
109 95
123 85
133 75
144 62
155 51
168 39
179 36
182 38
182 37
181 36
182 37
181 37
181 36
183 36
182 36
181 36
188 39
193 41
195 45
195 45
195 45
195 44
194 45
200 47
211 46
224 48
237 51
249 52
263 52
275 50
282 52
283 52
283 51
283 52
283 51
281 51
283 51
295 47
306 45
317 35
319 34
318 33
318 33
317 34
307 41
298 41
293 44
291 42
286 46
286 46
286 46
286 46
285 46
282 44
271 44
256 46
238 47
221 48
202 48
185 48
167 46
148 48
130 46
110 51
92 55
77 64
64 67
62 66
62 67
62 67
63 67
62 65
62 65
62 64
63 67
63 67
62 67
62 69
52 75
41 81
33 89
35 99
33 103
34 102
34 102
34 102
34 102
34 102
34 107
38 125
36 132
37 149
33 164
33 170
39 178
41 191
44 203
46 217
50 237
48 254
48 273
45 291
45 309
35 325
40 336
39 343
34 342
37 341
37 341
34 342
35 341
34 342
34 342
47 347
55 360
67 377
78 393
86 409
96 421
107 437
114 454
123 464
124 483
135 496
140 516
152 528
159 543
170 559
185 570
197 580
211 589
223 603
234 613
249 626
262 637
275 652
292 658
304 673
319 679
330 695
344 701
358 714
373 721
390 731
401 741
403 742
404 744
403 743
402 743
403 743
403 743
403 743
403 743
407 735
414 728
425 719
434 712
449 704
463 695
476 685
491 675
504 666
521 661
536 649
552 645
569 637
586 628
601 619
614 613
629 606
644 601
659 589
672 581
685 567
697 556
706 544
711 534
711 533
710 532
711 533
711 533
711 533
710 532
710 534
710 531
710 532
710 532
710 532
712 533
710 532
711 532
718 529
727 513
738 502
749 491
751 481
751 481
751 481
751 480
751 480
751 480
752 480
752 480
746 492
740 495
738 504
736 510
737 513
739 514
739 514
736 514
737 514
737 513
738 514
737 529
738 543
737 561
734 580
735 599
729 619
739 630
743 649
754 666
756 673
759 677
760 678
761 678
761 678
760 678
761 678
761 677
758 677
752 688
750 702
745 719
742 736
743 747
744 742
738 742
738 740
733 742
727 739
721 738
718 739
717 740
717 737
716 738
710 734
701 730
689 729
676 725
664 723
652 728
637 732
622 742
607 744
595 747
582 746
567 744
556 747
543 744
532 747
517 745
502 745
491 748
479 748
466 745
454 743
443 744
431 744
429 744
428 742
428 744
428 745
428 745
429 745
426 745
412 745
396 747
383 750
373 745
366 741
355 733
345 731
336 732
321 733
307 735
292 741
280 748
266 745
255 748
240 744
226 742
212 741
196 742
183 747
173 746
160 748
148 745
137 742
130 742
127 741
128 740
128 741
128 741
127 740
128 741
126 741
113 744
98 744
83 745
70 752
57 751
47 747
47 749
47 749
47 749
47 749
48 749
48 750
49 750
53 751
58 752
58 752
56 750
58 752
58 752
59 752
56 751
56 752
56 753
53 752
53 751
53 753
54 753
56 755
55 754
58 760
59 762
62 763
62 762
63 767
63 766
62 765
62 765
64 766
65 762
69 764
72 763
73 764
79 766
84 765
85 766
90 768
92 769
94 767
94 768
97 770
101 769
106 768
108 770
112 770
113 770
115 769
114 770
120 771
121 771
124 769
127 770
130 770
130 771
130 772
130 771
130 771
135 767
139 769
141 769
142 769
142 767
138 767
136 767
135 767
134 764
132 765
132 766
130 767
127 764
125 765
124 766
124 765
119 765
116 765
110 766
103 766
97 767
92 767
83 767
72 765
70 767
70 767
70 766
75 764
78 764
79 765
79 764
79 762
73 761
69 762
64 760
59 758
51 766
48 761
47 760
49 758
54 757
54 756
56 752
54 752
49 750
44 746
43 738
37 729
37 716
38 707
36 698
36 690
39 678
38 665
41 652
39 640
45 630
50 617
47 606
51 594
47 582
44 570
37 565
40 563
38 561
38 561
44 560
41 561
36 560
31 554
29 542
33 536
30 528
30 519
37 512
34 505
41 497
37 483
39 476
43 462
40 451
48 437
42 424
44 412
41 405
43 402
43 402
43 401
43 401
49 402
50 403
50 403
43 399
43 398
42 384
40 375
38 357
39 347
39 331
38 320
36 308
39 293
38 284
40 267
35 255
38 243
43 231
44 223
46 219
45 221
45 221
46 220
44 220
45 208
44 191
38 182
31 173
34 158
33 152
33 148
38 133
36 126
39 111
39 103
42 99
43 95
39 97
40 97
41 95
40 99
40 98
38 96
37 88
30 83
29 75
28 74
27 75
29 76
29 76
30 76
30 77
30 79
29 77
33 78
38 76
40 75
53 71
51 60
57 48
67 44
76 34
85 31
94 29
104 32
111 31
112 31
112 31
116 35
123 37
132 44
143 44
153 45
163 45
176 45
188 47
201 41
213 38
224 33
235 33
243 34
250 36
253 38
253 38
253 39
253 40
253 41
260 41
271 46
283 53
296 55
308 59
319 64
334 62
344 61
356 54
366 46
374 38
381 34
385 36
387 36
389 35
388 36
389 37
389 37
391 43
394 52
396 64
402 71
408 81
415 91
420 106
429 118
432 132
447 138
451 156
463 162
469 176
478 187
488 198
498 205
507 218
515 229
522 241
528 253
536 264
544 274
553 284
560 297
574 306
580 315
585 318
586 318
587 317
587 316
586 318
585 315
583 323
586 334
590 342
586 361
586 376
577 388
579 401
581 413
580 425
593 437
594 452
604 466
610 479
623 486
628 501
638 507
641 517
642 520
643 522
644 523
644 522
644 522
645 524
643 528
655 539
663 551
669 565
670 575
681 585
680 598
692 606
700 616
710 626
718 641
723 651
727 659
722 668
719 668
719 668
720 668
719 666
719 668
719 666
719 666
719 667
723 668
725 673
726 686
734 697
737 712
744 725
753 737
753 740
753 740
756 739
753 740
754 740
754 739
757 737
749 734
741 731
733 734
725 738
719 741
712 743
702 742
696 742
688 737
683 737
682 737
682 737
683 737
682 737
678 740
669 744
658 745
651 744
644 741
635 744
628 745
622 747
615 747
616 747
616 746
616 746
617 745
625 740
633 739
641 736
650 731
655 732
661 738
669 741
676 744
677 743
676 744
675 740
670 733
669 728
668 720
669 717
671 713
671 707
677 704
680 699
684 694
691 690
699 684
705 679
711 674
723 671
731 669
739 671
750 674
753 676
753 681
754 683
754 684
754 685
753 684
753 683
748 688
752 693
755 701
754 716
759 727
753 741
757 741
760 741
755 742
755 742
756 742
757 737
754 736
757 729
755 722
755 715
754 711
752 704
752 699
752 694
751 692
751 687
751 687
750 687
749 690
745 685
744 676
740 666
741 657
740 645
745 636
752 629
755 621
759 614
757 610
753 606
754 608
752 610
752 610
749 606
742 599
731 594
723 588
716 581
709 573
702 565
693 559
690 546
685 536
682 528
675 513
666 505
662 493
652 489
644 483
634 482
622 481
610 479
598 481
589 483
581 487
582 495
576 501
580 518
571 525
574 546
564 549
563 566
558 576
548 585
552 599
545 609
553 621
551 634
559 643
560 652
564 665
570 675
571 677
571 676
571 679
572 679
571 680
571 677
572 677
572 677
572 677
572 677
572 677
572 678
572 677
572 680
572 677
567 679
571 680
571 679
571 677
572 680
571 676
572 680
572 680
572 680
572 677
571 676
572 677
565 680
563 691
550 708
537 723
519 739
510 745
508 745
506 744
508 745
507 744
508 745
508 745
509 746
509 746
508 745
508 746
508 745
509 746
509 746
509 746
508 745
506 743
508 745
508 745
508 745
508 745
508 736
508 729
504 721
497 709
493 698
485 688
474 673
462 661
449 651
434 645
420 645
405 648
393 656
382 661
366 669
351 675
341 685
338 691
335 691
336 692
336 692
335 691
337 693
335 691
335 691
337 692
336 692
336 692
336 692
336 692
336 692
337 698
326 712
317 731
305 747
299 751
293 748
294 748
294 748
294 748
295 748
295 748
295 751
294 748
294 748
294 748
294 748
294 748
294 748
293 750
294 748
293 749
294 748
294 748
294 748
294 748
294 748
294 748
294 747
294 748
294 748
294 748
294 748
294 748
294 748
294 748
294 747
295 751
294 748
294 748
293 748
294 748
293 748
293 748
294 748
294 748
294 748
294 748
294 748
293 748
293 749
292 748
280 748
266 744
253 749
253 750
252 751
252 750
252 751
251 750
252 751
250 747
253 750
253 750
253 752
253 750
250 747
250 747
250 747
253 750
252 749
252 749
252 749
252 749
252 749
252 749
253 750
253 750
252 749
252 749
253 750
253 750
252 749
252 749
251 748
252 749
252 749
253 750
250 747
253 750
253 750
253 750
253 750
253 750
250 747
253 750
253 750
251 749
252 749
252 749
250 747
253 750
251 749
251 749
253 750
251 749
252 749
251 749
252 750
253 750
253 750
253 750
250 747
250 747
251 748
252 749
252 749
252 749
252 749
250 747
250 747
252 749
252 749
252 749
252 749
252 749
250 747
250 747
252 749
252 749
252 749
252 750
251 749
251 749
252 750
253 750
253 750
253 750
253 750
253 750
252 749
250 747
250 747
252 749
252 749
250 748
252 749
250 748
250 748
253 750
252 749
252 749
251 749
251 749
251 749
251 749
251 749
251 749
251 749
251 749
251 749
251 749
251 749
251 749
252 750
252 750
252 750
252 749
251 749
251 749
251 749
252 750
253 750
253 750
253 750
253 750
251 748
251 749
251 749
252 750
251 749
251 749
252 750
252 750
253 750
252 749
251 749
251 749
251 749
251 749
251 749
251 749
253 750
250 747
250 747
252 749
251 749
252 750
252 749
250 748
253 750
252 749
252 749
252 750
252 749
250 748
250 748
251 749
252 750
251 749
252 750
251 749
252 750
252 750
251 749
251 749
251 749
251 749
251 749
251 749
251 749
251 749
252 750
251 749
250 748
252 749
251 749
251 749
251 749
252 750
252 750
252 750
251 749
252 750
252 750
252 750
251 749
251 749
251 749
252 750
252 750
252 750
251 749
251 749
251 749
251 749
251 749
251 749
252 750
251 749
252 750
251 749
251 749
252 750
252 750
252 750
251 749
250 748
251 749
252 750
251 749
251 749
250 748
252 750
252 750
252 750
252 750
251 749
251 749
251 749
251 749
251 749
251 749
252 749
250 748
251 749
250 748
250 748
251 749
251 749
251 749
251 749
252 750
253 750
252 750
252 750
252 750
251 749
251 749
251 749
252 750
252 750
252 750
251 749
252 750
252 750
253 750
251 749
251 749
251 749
251 749
251 749
251 749
251 749
251 749
252 750
252 750
252 750
252 750
252 750
252 750
252 750
252 750
251 749
251 749
251 749
250 748
250 748
250 748
251 749
251 749
252 750
252 750
252 750
252 750
251 749
251 749
251 749
251 749
251 749
251 749
251 749
251 749
251 749
252 750
251 749
252 749
251 749
251 749
250 748
251 749
251 749
250 748
251 749
251 749
250 748
250 747
250 748
252 750
251 749
251 749
251 749
250 748
251 749
252 750
252 750
251 749
251 749
252 750
253 750
250 748
251 749
251 749
251 749
251 749
251 749
251 749
251 749
251 749
250 748
251 749
251 749
251 749
251 749
251 749
251 749
251 749
251 749
251 749
252 750
252 750
251 749
251 749
252 749
251 749
252 750
251 749
251 749
252 750
252 750
251 749
251 749
251 749
251 749
251 749
251 749
251 749
251 749
251 749
251 749
251 749
251 749
251 749
251 749
251 749
251 749
251 749
251 749
251 749
251 749
251 749
251 749
251 749
251 748
251 749
252 749
251 749
251 749
251 749
251 749
252 750
251 749
251 749
251 749
252 750
252 749
251 749
252 750
252 750
251 749
251 749
251 749
252 750
252 749
252 749
251 749
252 749
252 749
252 749
252 749
252 750
252 750
251 749
251 749
251 749
251 749
251 749
251 749
251 749
251 749
252 750
252 749
252 750
252 749
252 749
251 749
252 750
251 749
250 747
253 750
252 750
250 748
252 749
251 749
251 749
251 749
251 749
251 749
251 749
251 749
252 750
251 749
251 749
251 749
251 749
251 749
251 749
251 749
251 749
251 749
251 749
251 749
251 749
252 749
253 750
250 748
252 749
251 749
251 749
250 748
250 747
251 749
251 749
251 749
250 748
250 748
251 749
251 749
251 749
251 749
251 749
251 749
252 750
253 750
253 750
252 750
251 749
251 749
250 748
251 749
252 750
252 749
250 747
251 749
251 749
251 749
251 748
250 748
250 748
250 748
250 748
251 749
251 749
251 749
251 749
251 749
250 748
250 748
251 749
251 749
251 749
251 749
251 749
251 749
251 749
251 748
250 747
251 749
251 748
250 748
251 749
250 748
250 748
250 748
250 748
250 747
251 749
251 749
251 749
253 750
250 748
251 749
250 748
252 750
252 750
252 750
251 749
252 749
251 749
251 749
251 749
250 748
250 748
252 749
251 749
251 749
251 749
251 749
250 748
250 748
250 748
250 748
251 749
249 747
251 748
251 748
252 749
251 748
251 748
251 748
250 747
251 748
252 749
251 749
252 749
252 749
252 749
251 749
251 749
251 748
252 749
249 747
252 749
252 750
251 749
249 748
250 747
249 747
252 749
252 749
252 749
249 747
250 749
250 748
251 749
252 750
251 749
251 748
251 748
251 749
250 747
251 748
253 750
252 749
252 749
252 749
251 748
252 749
252 750
252 750
251 749
252 749
250 747
252 749
250 748
250 747
251 748
250 747
250 747
250 748
250 747
251 748
250 748
251 749
251 749
250 748
252 749
252 749
252 749
250 748
250 748
250 748
250 747
250 748
251 749
250 748
249 747
249 747
251 748
248 746
251 748
250 748
251 748
250 748
251 748
251 750
251 748
251 748
252 750
252 750
251 748
251 748
252 749
249 747
250 747
252 749
252 749
250 747
250 747
250 747
250 747
250 747
249 747
250 750
244 754
238 748
239 748
239 748
239 748
239 748
240 749
238 749
239 749
239 748
238 749
239 749
237 748
238 748
238 748
238 750
238 749
238 749
238 749
238 749
238 749
239 754
228 744
218 744
209 746
208 746
208 745
208 744
208 745
207 745
208 744
208 745
208 746
208 745
208 745
208 745
206 748
194 751
179 748
162 744
155 739
154 739
154 739
156 739
155 740
156 738
156 739
156 739
155 739
156 738
155 739
155 739
155 740
155 741
155 739
154 739
151 745
139 745
127 749
128 747
128 751
127 748
128 751
128 751
128 751
128 750
128 750
127 745
124 738
118 730
108 724
98 714
89 712
88 711
88 711
88 711
88 711
88 711
88 709
88 709
88 710
87 711
86 709
75 699
60 692
45 685
43 679
44 678
44 677
44 676
45 676
44 676
44 676
45 675
46 675
46 674
46 672
45 672
44 670
45 670
46 671
46 671
46 673
49 668
51 658
52 647
56 645
54 645
56 645
54 645
56 645
56 645
56 645
56 645
56 645
55 645
57 640
60 628
62 611
64 596
60 582
58 572
56 569
57 568
56 570
57 569
57 569
58 568
58 568
58 568
57 569
57 569
58 567
54 565
44 554
41 547
41 542
46 537
44 531
44 524
44 523
44 522
44 524
44 525
44 525
44 524
44 524
44 524
46 516
51 503
55 489
55 480
55 463
48 451
48 436
44 435
45 432
45 432
45 432
45 432
44 432
45 429
45 429
44 431
44 429
44 429
44 430
44 430
47 433
48 426
48 412
53 397
50 385
48 377
50 373
49 377
49 377
51 373
49 377
51 373
52 372
52 372
51 373
49 367
45 356
35 345
34 339
39 333
38 329
40 329
39 328
40 327
40 327
40 327
42 325
40 324
53 314
43 303
47 288
54 280
52 261
52 244
41 233
39 218
39 218
39 217
39 216
39 216
39 217
39 216
39 219
43 215
45 201
51 192
59 178
62 167
68 166
69 165
66 162
66 162
65 159
68 165
66 164
66 164
66 164
73 159
79 147
90 135
99 124
109 111
115 101
118 94
117 93
117 93
117 93
118 91
119 92
119 92
117 94
115 92
122 89
119 77
121 67
125 59
125 58
125 58
125 58
125 58
125 57
125 58
125 58
125 58
116 54
109 60
102 63
93 68
85 66
83 70
86 68
82 70
86 68
85 68
85 69
85 69
85 69
82 71
70 77
56 84
41 89
38 94
37 93
38 95
39 94
40 94
40 94
38 90
42 87
43 82
42 79
40 74
38 67
38 61
40 59
42 58
39 59
38 59
39 58
40 58
38 59
41 57
41 49
46 40
58 38
65 34
69 36
69 36
69 35
69 35
69 35
69 35
69 35
69 35
69 35
69 35
69 35
68 34
64 34
52 42
46 46
41 48
38 48
37 48
38 48
39 42
36 50
37 49
33 52
33 52
32 53
34 54
34 53
33 53
34 52
35 52
32 51
34 50
34 50
33 53
31 53
30 54
31 54
26 54
25 53
25 54
26 54
26 54
29 50
29 48
24 46
23 44
24 41
23 39
23 37
20 38
19 38
21 36
22 35
22 35
22 35
22 35
22 35
22 34
21 32
19 27
15 24
16 23
15 22
15 21
16 21
15 21
17 20
17 20
17 20
17 20
15 21
19 22
17 24
16 29
14 33
15 35
15 38
15 42
13 44
14 52
13 57
13 59
14 64
12 66
13 67
12 70
16 74
16 80
14 84
13 83
14 84
12 84
16 84
16 86
17 84
15 87
15 92
16 103
18 105
25 121
24 130
21 129
21 127
19 129
16 132
14 133
14 133
15 132
14 132
14 132
14 133
14 133
14 133
14 132
16 133
18 143
17 147
17 151
15 154
16 158
15 161
17 163
15 167
15 166
14 166
17 168
14 174
16 180
17 188
18 193
17 200
15 208
15 214
16 221
15 227
16 227
16 227
16 227
17 227
17 227
17 227
17 227
17 230
16 232
16 234
15 241
16 247
16 254
16 259
16 266
15 273
13 274
13 274
13 274
15 274
15 274
14 275
17 279
17 287
17 300
17 310
18 317
18 328
19 340
18 345
18 346
17 347
17 347
17 347
16 347
16 347
17 347
16 347
17 349
20 357
21 369
20 384
19 393
21 409
19 421
19 436
18 449
21 454
20 456
21 458
20 457
21 457
21 458
19 459
19 466
21 481
20 489
19 496
19 509
21 518
22 530
20 542
23 556
43 569
60 589
65 596
67 602
64 601
64 602
63 601
65 602
65 603
66 603
66 602
65 603
66 600
65 602
66 601
65 602
66 601
69 607
74 613
72 625
68 635
65 645
66 656
55 665
54 680
46 687
43 689
43 685
47 688
47 688
45 690
46 689
47 687
47 686
47 686
47 686
43 685
46 690
56 693
64 698
71 704
79 715
90 720
98 731
105 735
110 738
113 736
113 735
109 737
113 736
113 735
113 735
111 737
113 736
113 735
114 738
123 735
134 731
146 730
157 725
167 720
179 718
192 712
203 709
216 705
230 701
242 697
253 697
257 693
257 693
258 696
258 697
258 697
258 697
258 696
258 697
258 697
258 696
258 697
266 694
280 692
293 687
305 683
315 681
324 675
329 675
330 670
331 667
332 666
331 666
331 670
331 670
330 670
331 670
332 669
338 665
344 653
349 639
356 627
359 615
363 609
360 608
360 608
360 608
362 607
362 607
360 607
362 607
360 607
362 608
361 607
364 604
360 589
360 577
358 566
356 556
351 547
346 541
345 537
344 537
344 538
345 535
345 535
345 535
346 536
338 528
331 515
323 502
322 483
315 470
315 454
309 440
307 422
299 408
298 393
286 383
285 371
278 357
270 347
268 343
269 342
270 341
270 341
270 341
268 342
270 341
270 341
269 342
272 341
282 339
292 334
302 329
313 328
324 328
337 328
352 331
368 331
383 333
398 334
414 336
432 334
447 334
461 330
473 330
477 324
480 324
481 324
481 324
481 324
481 324
481 324
481 324
480 324
490 320
501 311
517 304
531 295
544 290
553 280
559 277
558 273
558 274
558 274
558 273
558 273
558 273
558 272
558 272
558 273
558 272
559 273
561 277
564 284
569 291
572 300
575 310
579 324
584 334
588 350
593 363
594 382
602 397
604 412
612 429
617 443
622 460
626 473
633 483
637 499
646 512
658 517
661 527
661 525
661 525
661 526
662 526
661 526
661 526
661 525
661 525
663 525
663 529
671 542
682 550
686 568
701 580
711 594
724 603
732 611
738 619
740 618
740 618
740 618
736 620
736 620
740 618
736 620
741 617
735 616
728 622
717 629
708 637
699 645
689 659
678 669
670 682
660 696
654 714
649 730
643 743
638 742
636 740
634 741
638 742
636 740
638 741
639 740
637 742
634 736
631 730
625 725
620 721
614 715
608 712
606 708
606 708
605 708
606 708
607 706
605 708
598 707
587 694
573 689
558 686
544 684
529 685
515 692
504 702
492 710
483 721
473 732
466 745
461 745
462 745
461 745
462 745
461 745
460 745
457 744
454 742
446 736
440 731
432 733
422 728
410 730
395 730
378 735
364 741
350 742
336 742
324 734
314 732
301 724
288 721
275 715
260 717
247 724
234 727
219 729
201 737
189 745
179 748
168 741
158 736
151 732
151 731
150 730
150 730
151 730
150 730
151 730
151 730
152 728
150 730
149 730
150 730
146 725
137 715
125 705
111 692
99 684
85 673
71 663
54 655
43 649
44 643
46 641
47 644
53 639
58 632
65 623
70 612
75 602
85 588
86 576
90 560
90 548
91 534
86 521
86 506
78 492
70 480
59 466
50 454
40 444
43 434
49 423
45 411
45 401
45 389
39 383
43 374
43 375
42 375
42 376
42 375
43 374
43 374
43 370
40 360
39 345
38 329
39 316
48 311
53 297
61 284
60 268
67 257
65 240
70 225
65 210
68 191
64 178
62 164
55 155
46 145
38 134
36 122
40 115
38 113
38 112
38 112
38 112
38 112
38 112
38 112
38 112
38 112
40 109
45 96
54 86
67 81
77 75
89 65
103 59
115 48
126 42
137 35
146 35
148 37
148 34
149 34
150 34
150 34
150 36
158 42
166 48
177 51
187 58
199 63
212 66
225 71
238 70
251 70
265 67
276 64
291 60
305 61
317 55
329 52
334 43
339 42
339 42
340 42
340 42
340 42
340 42
341 41
341 41
339 41
348 42
364 43
375 46
389 42
403 41
418 41
431 38
443 34
456 36
469 38
480 40
494 45
507 51
518 55
531 57
543 60
558 59
570 60
581 55
593 55
598 55
600 52
600 51
600 51
600 51
600 51
600 51
604 51
612 55
625 59
642 65
655 74
674 72
690 75
706 78
716 87
728 88
729 89
729 89
729 89
729 89
729 89
728 88
730 89
730 89
730 89
730 89
733 92
740 103
740 119
746 131
747 149
748 163
754 180
758 195
755 208
748 215
754 218
755 218
754 218
751 217
751 217
751 216
751 216
753 217
756 227
760 237
762 248
756 260
759 266
754 277
752 283
757 293
752 308
756 321
751 336
753 341
753 344
753 345
753 345
746 346
747 346
748 347
751 344
750 350
746 362
756 374
754 390
749 400
751 407
745 419
742 430
731 438
729 453
727 465
721 476
727 486
727 498
740 512
745 526
754 539
753 553
746 565
737 578
734 596
728 611
725 625
724 640
725 655
724 671
727 686
726 707
732 721
728 737
733 737
728 736
728 737
733 738
729 736
728 737
733 739
733 739
733 739
733 738
728 736
737 738
749 736
756 737
760 735
759 736
760 736
759 738
758 738
753 740
749 743
744 743
736 741
730 743
724 740
722 742
721 742
721 742
721 742
718 744
708 742
700 742
695 741
690 741
681 740
674 741
668 740
667 738
666 739
665 738
665 737
666 739
661 738
651 742
640 745
630 745
618 744
610 745
609 744
609 744
609 745
608 745
608 746
602 745
596 746
596 746
595 747
598 748
596 748
598 753
597 753
597 756
597 755
594 759
596 759
596 760
595 760
594 761
593 766
595 766
595 764
595 765
595 764
595 764
595 765
595 764
597 767
598 765
599 764
600 762
601 764
602 765
603 765
602 763
602 763
603 763
603 763
603 763
604 763
603 763
601 760
602 760
601 760
597 759
598 759
597 756
597 754
597 750
597 743
593 738
596 740
598 739
599 737
601 733
602 729
605 726
607 722
613 724
610 717
614 711
613 707
615 708
615 708
614 707
615 708
615 708
615 708
615 707
616 705
618 699
620 695
619 689
618 683
619 675
621 673
621 671
621 667
627 665
630 662
630 661
630 658
630 661
631 660
631 661
631 660
630 661
630 661
632 659
627 651
629 646
630 638
635 635
633 631
630 622
636 622
637 621
637 619
637 619
635 620
637 618
637 615
637 618
639 621
642 616
649 612
649 609
650 603
653 601
652 596
647 592
648 587
642 583
640 580
639 574
638 569
636 563
631 559
634 555
634 549
632 546
628 543
629 540
629 540
629 546
628 540
629 547
627 543
627 542
622 537
620 530
615 526
613 522
615 517
613 515
617 512
618 506
622 504
626 499
630 493
633 488
639 485
641 479
644 473
649 468
654 464
659 460
664 457
669 452
673 447
678 439
683 436
683 429
686 423
684 415
688 411
684 403
684 397
685 390
687 384
689 377
689 368
691 363
694 357
698 351
702 345
705 340
710 336
713 330
716 324
719 324
718 322
719 324
719 324
719 324
719 324
718 322
718 323
715 320
713 314
713 307
707 303
708 294
709 291
709 291
709 291
709 291
709 291
709 291
709 291
704 288
701 283
696 277
694 273
691 270
684 267
682 261
678 260
682 254
682 251
683 247
687 241
689 239
692 234
695 230
696 225
699 223
700 216
700 209
703 205
702 199
702 190
700 182
707 176
704 168
705 162
704 155
710 156
708 148
712 143
718 138
723 132
729 129
733 127
732 126
732 126
734 127
732 126
733 125
733 125
732 124
735 121
737 110
738 104
744 101
744 92
745 84
752 77
754 72
757 69
762 68
769 68
766 69
765 67
765 69
765 69
765 67
765 67
765 68
765 67
765 63
763 59
758 54
758 48
751 44
753 36
750 32
745 28
738 22
737 18
730 18
728 18
728 17
724 19
722 15
720 16
716 16
712 15
706 18
705 18
703 18
697 16
693 14
691 13
688 15
686 14
685 11
684 9
681 8
679 10
673 12
671 11
668 12
667 11
666 9
666 6
665 6
665 5
665 4
662 6
659 8
656 7
655 7
652 6
647 4
644 3
640 5
632 4
626 5
621 3
617 5
614 6
610 5
607 5
601 6
593 5
586 5
580 6
573 6
573 10
572 7
573 8
573 8
574 10
574 9
578 11
582 7
589 6
595 8
598 6
602 9
601 7
599 4
599 5
604 10
606 11
606 11
608 13
610 14
607 12
607 16
605 17
605 19
607 22
605 25
605 29
602 32
605 41
601 44
600 48
598 54
590 59
592 67
588 74
583 77
576 82
574 88
571 97
562 100
557 104
550 106
544 107
536 109
531 109
525 111
518 112
512 112
504 114
496 112
490 113
483 114
476 114
469 111
463 108
457 105
451 101
443 96
436 95
432 92
425 89
419 88
414 88
408 88
399 88
392 88
385 85
377 85
369 81
361 79
354 75
346 71
338 70
328 67
322 65
317 65
311 68
305 71
296 75
290 78
282 77
273 80
266 81
256 81
250 81
242 83
237 88
228 90
221 98
217 98
211 101
203 104
197 107
188 109
179 113
171 117
163 118
155 122
149 127
140 130
134 133
127 138
119 138
115 141
105 142
99 143
92 140
86 138
80 138
70 134
65 129
59 125
52 121
51 115
54 114
58 117
62 121
66 119
72 117
77 111
84 108
89 108
92 102
98 98
102 92
108 91
114 85
121 85
126 82
136 82
142 82
148 82
154 82
159 82
167 82
172 82
178 81
187 81
194 78
200 78
204 79
209 81
216 84
222 86
229 88
235 89
242 89
250 92
257 94
264 95
269 97
276 97
285 96
292 98
298 102
306 105
312 108
318 110
325 113
330 115
339 120
344 123
353 125
358 128
366 131
372 135
378 138
385 143
390 144
399 148
405 151
409 155
417 155
424 158
430 162
436 165
442 170
447 175
451 183
458 185
461 190
465 198
467 204
471 212
472 220
472 224
478 231
476 240
477 247
484 251
482 260
483 266
483 271
483 278
481 287
480 294
482 303
481 310
477 314
482 321
474 327
473 337
470 343
469 349
468 355
466 361
472 368
466 376
463 380
459 387
456 391
447 397
444 403
442 411
435 411
429 415
428 423
424 429
420 435
416 440
413 449
409 455
403 460
397 464
389 468
384 472
377 474
370 477
363 479
361 486
351 486
343 487
334 489
329 487
321 486
314 487
307 489
297 489
289 492
282 493
275 493
266 495
262 497
256 499
248 502
240 507
232 507
225 507
216 510
211 512
207 515
199 522
194 525
187 528
181 535
178 538
171 543
165 548
159 554
150 558
143 562
137 568
131 572
124 576
119 582
111 587
109 593
109 601
112 609
114 615
116 622
115 629
116 636
116 645
115 652
113 656
108 659
103 662
99 658
88 659
83 655
77 653
70 651
62 651
54 651
47 648
41 646
35 648
33 646
32 647
30 645
28 648
24 646
23 646
22 640
20 640
19 640
19 640
19 640
19 640
24 641
26 642
28 642
28 646
31 651
34 651
35 650
35 651
36 652
36 652
36 652
36 653
40 654
46 658
56 665
60 678
63 684
66 685
67 685
65 686
67 686
67 684
64 689
65 699
67 711
62 726
62 742
59 746
60 746
64 745
65 743
65 741
64 742
65 741
65 742
63 743
67 737
69 733
74 727
78 721
81 719
81 718
81 719
81 719
81 719
81 719
81 719
82 719
84 712
87 705
92 695
93 686
95 678
97 669
94 667
97 668
97 668
97 668
97 668
94 666
88 667
84 666
78 673
74 674
71 675
70 674
67 674
66 679
64 679
65 682
63 682
63 682
62 681
63 682
64 680
64 682
68 688
67 692
65 698
62 701
56 707
57 719
52 730
52 744
55 749
60 749
71 751
76 752
80 753
81 752
80 752
80 752
81 752
81 752
81 753
81 753
80 752
82 759
84 759
82 762
84 761
83 762
82 762
87 763
88 764
94 763
98 765
102 767
103 765
99 765
99 765
97 764
97 766
98 766
97 764
99 761
96 760
94 758
96 756
97 756
97 753
101 752
100 750
102 751
104 748
105 745
108 739
109 733
113 731
112 724
112 718
111 712
112 704
111 698
112 692
114 683
114 678
115 677
115 672
114 666
115 663
114 655
114 647
116 642
118 632
121 625
126 619
128 613
131 608
136 602
138 596
143 590
145 584
147 580
149 575
152 568
156 563
164 559
167 557
170 552
174 549
178 543
181 537
181 530
183 525
187 519
188 512
194 506
201 503
204 497
210 493
216 490
222 486
226 481
233 479
239 476
241 472
242 464
247 462
249 455
251 447
254 443
259 440
263 437
267 431
271 429
277 424
280 419
280 411
284 406
288 401
290 396
294 390
302 387
304 379
310 374
315 372
320 369
322 366
323 362
328 359
330 352
329 339
330 336
333 329
335 323
335 316
342 313
346 306
352 302
353 300
359 297
365 293
372 292
377 291
382 291
387 291
390 289
400 293
407 293
413 291
418 290
425 288
431 287
438 285
440 272
445 273
450 267
453 261
458 258
461 251
464 242
475 242
479 237
484 228
488 223
491 220
495 217
495 211
501 207
509 207
514 210
519 208
530 211
533 209
539 213
548 215
556 217
562 220
569 225
576 230
581 237
588 241
593 247
602 249
610 253
616 258
624 259
632 261
638 266
646 270
653 273
659 278
667 280
674 283
682 289
689 292
698 295
707 298
717 299
725 300
735 304
745 306
755 310
765 313
767 313
767 313
769 315
769 316
771 320
769 324
769 330
773 330
773 341
772 346
772 351
772 355
773 356
772 357
770 359
775 357
770 361
774 360
771 362
775 364
774 367
755 366
739 361
745 362
745 361
753 361
753 360
753 357
753 359
753 359
753 356
752 358
753 357
751 358
755 357
756 355
757 364
757 364
755 369
755 370
755 376
756 379
756 386
748 396
756 403
755 414
754 427
752 439
750 449
749 459
743 469
739 478
737 489
733 502
730 515
731 529
735 539
732 555
733 568
735 578
734 594
734 604
730 618
732 626
727 641
724 653
716 665
715 680
719 695
716 711
719 724
714 737
719 743
721 742
720 742
719 742
721 741
719 742
719 742
723 742
734 739
739 740
746 741
752 743
754 743
754 743
754 743
755 743
754 743
754 743
752 740
754 742
746 739
742 739
741 742
741 740
744 741
738 741
738 742
734 741
732 750
729 749
730 754
724 751
722 756
719 758
715 760
714 763
710 759
709 758
709 759
709 759
711 757
711 757
708 760
704 761
699 762
693 765
688 765
688 764
686 765
686 764
687 763
689 765
688 765
689 764
689 764
691 761
691 760
692 759
691 760
686 761
687 759
686 758
685 755
686 755
682 750
684 747
681 742
683 740
684 738
682 733
683 727
685 723
684 717
679 711
679 705
680 699
679 692
680 689
680 683
685 678
686 671
683 665
690 659
691 652
691 645
692 639
695 634
691 625
687 616
688 609
690 603
688 596
684 591
691 585
696 578
699 573
705 572
708 569
712 566
716 559
719 557
724 552
729 547
731 539
733 533
737 526
739 522
738 514
742 511
737 503
736 498
735 497
735 497
736 497
736 497
736 497
738 493
744 488
748 482
750 473
753 468
757 462
763 459
765 450
769 450
769 448
769 445
770 439
768 433
771 427
771 421
770 416
767 406
768 400
769 397
770 391
766 381
770 377
771 373
772 368
771 363
771 358
774 354
776 351
761 356
719 357
708 365
693 383
692 384
691 378
691 379
690 380
689 381
688 377
687 380
687 387
679 389
679 399
676 407
674 415
679 427
681 436
674 445
679 455
672 465
669 476
664 486
654 497
645 505
638 512
637 528
630 538
627 552
621 562
612 569
613 580
602 591
600 605
594 613
590 622
593 632
584 641
584 657
577 668
568 674
571 684
566 686
565 685
571 684
570 684
565 686
564 686
558 692
548 699
539 709
527 718
519 728
512 737
505 745
501 745
497 744
497 744
497 744
497 744
496 743
496 743
504 744
509 745
514 745
517 746
523 747
525 753
529 748
532 746
533 748
532 749
536 748
540 751
539 753
541 754
538 755
536 758
539 758
535 759
534 761
529 760
526 761
521 760
518 761
511 761
504 763
498 761
490 761
484 761
476 763
470 762
462 763
453 764
447 762
439 763
432 764
426 763
420 763
414 763
407 762
401 762
394 762
387 761
379 760
370 760
360 760
352 759
344 761
336 760
328 760
321 760
311 762
304 762
296 762
287 760
282 763
281 764
277 765
276 768
275 767
275 764
272 767
272 765
272 765
274 766
274 766
271 765
268 765
270 762
269 763
269 764
270 763
270 762
271 762
271 763
272 762
271 762
270 761
269 760
269 760
264 761
265 758
264 758
263 758
263 757
262 756
260 755
261 752
262 748
261 744
263 740
263 735
262 732
264 725
267 722
269 717
267 709
273 707
275 699
279 694
281 689
283 684
286 676
291 674
293 666
295 662
299 656
302 652
305 645
305 639
309 634
314 631
318 627
324 627
328 624
333 624
338 621
341 616
346 613
351 609
354 605
357 599
361 593
365 590
369 583
375 581
380 576
387 573
391 568
396 565
401 561
406 558
412 553
416 550
423 548
427 548
432 549
437 552
442 552
447 552
448 553
451 551
460 552
464 550
472 549
479 548
485 548
490 550
497 552
504 552
510 551
518 551
525 549
533 550
539 549
545 548
552 549
559 548
567 548
574 548
583 552
589 555
598 556
602 561
607 565
612 568
616 571
619 578
622 585
625 591
628 596
630 601
631 605
631 605
631 605
631 605
631 605
631 605
631 609
627 618
626 630
627 636
624 645
624 654
623 659
625 662
625 663
630 661
627 662
630 661
630 659
634 655
640 655
646 654
653 651
661 649
669 652
677 651
686 649
693 650
700 653
709 653
715 655
722 656
731 659
740 663
747 668
754 672
760 675
766 679
768 679
771 681
771 680
771 682
773 682
779 681
780 680
779 675
777 677
776 678
773 676
774 681
774 686
772 693
768 699
762 698
761 700
763 709
757 715
758 725
755 735
749 743
744 743
739 743
733 744
725 747
717 745
708 747
699 747
690 750
680 752
672 752
666 757
668 753
670 753
672 752
672 754
672 756
675 758
677 763
677 764
675 759
675 764
676 760
672 765
674 763
672 762
666 764
662 765
659 766
656 767
650 768
648 766
644 767
638 767
633 766
626 767
622 766
619 767
614 767
609 767
604 767
598 767
593 767
587 764
582 766
572 765
566 765
559 764
552 765
547 764
542 764
538 767
536 768
532 765
533 765
533 765
533 765
531 764
528 765
526 768
524 768
520 766
516 766
508 766
500 764
496 767
490 765
481 765
476 765
472 766
468 767
464 767
460 767
458 767
455 768
451 767
447 768
444 767
440 770
436 768
433 767
430 766
427 765
422 767
417 767
413 766
406 768
403 765
400 765
396 766
392 767
387 768
380 767
375 767
369 769
363 768
358 770
350 767
346 768
340 770
334 767
327 768
317 768
312 767
306 768
299 769
292 768
283 769
275 768
268 767
261 768
251 766
246 767
237 767
226 765
219 767
210 766
198 766
192 767
186 767
177 766
171 765
162 764
152 764
147 767
140 767
126 765
122 767
120 768
119 768
118 767
113 769
105 768
97 768
92 767
84 768
79 766
77 767
77 767
77 766
77 766
73 764
68 764
62 761
55 761
48 761
46 758
42 755
41 754
40 754
39 753
35 751
33 749
32 744
27 738
27 733
26 729
26 724
24 717
25 709
26 705
23 698
24 692
24 686
24 677
25 669
22 662
25 654
23 645
22 639
21 634
21 631
20 627
21 623
21 615
19 608
20 601
20 594
20 583
18 576
19 568
20 557
16 552
17 548
18 542
20 537
20 532
21 525
20 511
21 506
20 505
20 499
18 491
18 486
18 480
18 469
18 460
18 455
16 447
15 441
18 434
18 426
18 421
18 414
18 405
18 397
17 388
18 376
17 372
18 363
16 353
17 347
16 337
13 328
17 324
18 319
14 312
16 306
17 300
16 291
18 283
17 274
18 264
19 258
18 250
17 243
21 238
18 230
18 219
19 214
18 208
17 198
16 194
18 185
19 173
17 167
13 162
16 154
16 149
15 144
15 139
18 134
16 127
16 119
15 108
16 105
20 99
17 97
15 92
14 86
15 78
15 71
15 64
16 55
15 49
14 38
15 30
14 25
16 25
16 24
16 24
17 24
17 24
19 26
19 24
19 23
20 23
21 20
25 21
25 18
28 16
31 15
35 12
41 11
45 10
53 11
61 11
67 12
73 11
81 9
84 11
83 11
82 11
82 11
80 12
80 9
78 11
78 10
79 9
77 10
81 8
78 10
80 7
80 6
81 7
81 7
81 6
82 7
84 8
86 9
87 8
87 9
87 10
88 9
89 9
91 6
92 8
93 6
93 7
93 6
94 5
94 5
94 5
94 5
94 5
94 6
94 5
94 5
94 6
95 6
96 8
99 8
103 5
106 6
108 5
108 6
111 5
114 8
117 9
118 7
120 9
122 9
125 7
127 7
131 8
134 9
138 9
140 11
142 10
144 11
145 12
145 13
145 13
145 14
145 14
148 12
151 19
152 22
155 24
157 28
158 30
157 34
158 39
156 43
157 49
153 52
153 55
149 59
146 64
139 67
136 71
134 73
125 71
119 71
115 69
110 66
107 64
105 62
103 60
101 58
100 56
98 57
100 56
99 57
98 58
96 61
94 65
89 65
85 68
79 71
73 72
68 72
61 71
56 71
51 69
45 67
40 63
34 61
29 60
27 59
27 58
27 57
25 58
22 57
20 56
25 61
19 69
20 66
17 64
17 62
18 61
20 61
22 57
24 52
24 51
24 52
26 47
30 45
30 43
32 39
34 37
39 35
47 34
54 32
63 32
69 32
76 33
84 35
93 35
103 33
112 33
117 31
126 32
135 36
142 37
150 40
158 42
166 42
171 41
171 40
171 42
171 41
176 39
188 36
200 32
210 28
215 32
223 36
231 37
240 39
250 42
259 39
269 35
281 32
290 32
303 33
314 30
328 28
338 30
349 33
355 39
358 40
359 41
359 40
359 40
360 41
369 39
381 40
391 36
399 31
408 28
417 28
426 30
435 30
444 35
452 38
459 37
471 39
482 41
495 39
507 39
520 35
534 34
547 29
559 29
571 30
581 35
588 38
593 42
596 43
596 45
596 45
596 44
596 44
602 46
614 54
628 56
641 56
654 53
663 57
677 53
689 51
701 48
712 47
717 47
717 47
717 48
717 48
717 48
717 48
718 49
718 53
718 63
719 72
724 78
724 92
729 102
725 118
728 126
728 143
733 151
733 165
732 174
737 187
732 198
735 208
734 223
738 232
736 247
733 256
736 270
730 278
730 290
731 295
731 298
731 298
730 299
730 299
731 302
729 298
723 303
728 311
720 317
713 320
722 333
716 330
709 330
717 329
716 333
710 334
710 332
710 341
710 354
705 360
711 375
712 387
720 395
721 409
726 420
734 426
735 440
739 449
743 457
743 463
741 467
743 469
741 467
739 468
738 469
739 469
738 470
732 474
725 481
716 486
706 492
696 497
687 502
678 507
669 512
662 518
651 526
642 535
634 542
627 552
617 560
608 572
599 579
588 591
578 598
569 608
559 613
557 626
554 627
554 626
554 627
553 627
554 627
554 625
554 628
550 636
548 649
545 659
553 666
553 680
562 691
568 703
578 714
582 729
590 736
592 739
592 737
592 737
592 737
592 737
593 736
596 737
597 736
602 736
608 740
619 740
628 742
637 743
642 741
640 744
640 744
642 739
640 744
640 741
639 744
637 741
628 742
619 742
616 741
606 736
602 731
599 735
593 737
585 739
577 744
566 742
558 744
550 744
546 745
544 743
543 743
544 741
544 742
545 741
546 743
545 745
545 745
549 742
558 742
563 738
562 732
572 727
572 726
575 727
575 726
578 725
578 726
578 724
581 725
581 724
580 724
581 727
580 726
586 725
593 724
602 727
613 724
614 723
622 724
633 724
639 726
651 732
661 737
670 745
677 747
681 747
681 746
679 744
678 732
678 723
679 714
678 704
680 695
677 685
676 673
673 664
680 655
682 643
686 635
691 623
696 611
704 603
707 590
717 582
724 576
732 572
739 569
745 569
747 570
747 569
747 569
748 567
746 568
747 569
747 565
745 558
742 549
738 540
730 532
725 522
719 509
716 500
713 485
711 470
709 457
710 443
710 429
714 419
712 404
720 393
722 380
727 367
725 355
735 345
736 340
730 331
732 332
730 332
723 332
720 326
714 320
708 312
710 313
709 312
710 312
708 310
707 308
706 302
710 288
716 284
721 274
731 265
738 259
746 248
752 238
750 231
753 228
745 219
744 216
745 211
745 211
744 217
744 217
745 212
744 212
733 203
730 189
721 180
713 172
708 157
699 149
692 131
678 123
670 107
663 95
654 87
644 78
635 72
624 68
611 66
599 61
588 62
574 61
562 58
551 49
540 43
532 39
523 29
519 29
510 35
502 44
493 52
488 61
483 67
480 76
474 83
469 96
461 105
457 117
446 123
445 135
437 142
432 152
428 165
421 173
421 187
414 191
411 207
404 216
399 225
404 232
397 236
396 242
404 249
399 256
405 264
407 273
400 281
399 282
400 282
400 281
400 281
400 282
405 286
399 293
399 304
388 308
380 308
374 304
369 301
361 302
349 299
339 293
328 295
318 293
307 292
298 289
290 282
277 278
266 274
255 273
244 269
234 263
223 259
214 251
217 244
212 240
208 230
202 223
203 210
191 202
188 187
181 180
179 173
167 164
160 156
153 143
148 135
143 122
142 111
131 100
127 88
119 79
116 67
110 58
107 58
107 58
107 58
107 58
107 58
106 57
105 62
100 69
93 75
85 84
75 91
64 95
58 111
47 117
41 121
39 124
42 127
42 127
44 132
44 133
43 133
42 133
43 129
43 135
43 142
47 155
39 165
41 175
41 186
38 192
42 206
45 205
46 207
40 213
50 219
48 228
54 240
54 251
50 257
59 264
65 264
64 265
63 264
65 264
66 268
66 266
71 269
72 275
79 279
75 287
72 291
77 302
66 306
62 311
63 313
61 312
62 317
62 317
63 316
63 316
63 310
64 319
62 322
61 328
63 336
64 344
59 348
63 361
66 368
65 368
66 367
67 366
65 352
62 342
61 342
62 342
62 342
62 340
63 345
66 350
65 351
73 355
74 350
78 352
78 352
79 350
80 350
82 347
86 347
88 345
91 343
93 341
96 339
99 336
102 337
102 335
105 336
109 332
111 330
116 330
119 329
124 326
126 321
127 320
130 316
131 315
136 315
137 313
137 312
140 309
139 309
140 304
141 306
144 304
147 303
147 300
151 301
150 297
151 297
151 297
151 296
154 296
153 293
156 295
159 296
164 297
166 297
168 303
172 305
173 308
182 311
182 309
181 302
184 303
182 300
181 300
188 302
187 303
188 303
182 301
181 300
183 303
188 302
187 301
188 298
190 298
193 297
196 294
200 296
198 295
198 295
198 295
197 294
197 294
197 294
197 294
196 297
196 297
197 294
197 295
197 296
200 297
203 297
200 298
197 300
192 296
191 292
201 295
196 292
200 291
200 292
200 292
196 296
200 295
200 295
197 296
198 296
196 296
202 304
215 303
221 320
225 327
232 326
233 325
233 325
233 327
233 326
238 336
252 342
263 350
276 353
283 364
294 370
303 381
315 387
322 394
324 398
324 398
326 395
324 398
325 398
325 398
325 396
323 403
332 409
330 424
330 436
332 447
325 457
328 470
325 484
326 493
319 505
313 512
305 519
298 525
291 535
283 542
275 552
270 565
261 572
261 582
257 586
256 586
256 586
257 586
256 586
255 588
247 593
235 597
224 602
211 609
200 616
188 622
177 632
166 642
154 651
146 664
134 669
131 677
125 679
124 682
124 682
126 684
124 683
124 683
126 681
129 679
138 682
149 687
157 691
165 698
175 703
184 708
194 712
203 722
209 732
220 738
222 747
223 747
225 746
225 746
228 744
227 743
226 743
223 742
217 737
212 733
204 733
203 735
196 737
193 741
185 741
180 740
179 745
178 742
176 745
168 747
157 747
149 748
138 751
126 749
114 748
104 747
92 745
81 745
70 747
59 749
50 750
50 751
50 751
50 751
49 752
47 748
54 751
58 751
56 749
56 750
56 752
54 751
51 750
47 750
45 751
45 753
44 752
44 753
42 751
40 753
38 751
39 753
39 752
39 753
39 753
38 752
39 753
39 752
39 752
39 753
40 753
36 754
35 754
36 755
36 755
36 755
37 756
37 757
37 756
38 758
40 757
38 758
40 756
35 759
35 760
36 763
36 761
41 763
41 762
36 759
35 760
35 760
35 762
35 756
47 751
54 733
51 733
40 733
43 734
41 731
40 732
39 730
40 727
44 716
39 711
39 706
42 695
40 688
40 685
41 682
41 678
41 678
42 681
43 677
43 672
46 664
52 657
55 652
53 640
57 632
58 625
54 616
54 606
48 600
43 590
42 583
40 576
43 568
45 556
44 551
43 542
44 532
42 527
44 512
42 506
44 494
47 485
46 478
49 466
46 455
44 443
43 434
42 427
44 417
45 410
45 401
48 391
41 387
43 378
42 367
39 364
43 353
43 341
43 333
45 317
42 306
40 293
38 282
40 270
40 256
38 249
44 237
39 226
43 216
39 203
44 192
44 178
44 169
49 158
41 147
39 136
40 126
36 123
42 119
44 112
40 102
45 88
48 76
55 66
58 58
54 49
57 42
69 41
76 32
87 34
96 35
108 35
118 33
130 32
140 32
148 34
157 33
167 35
175 31
185 30
195 29
203 28
211 32
212 31
217 28
224 27
234 28
236 28
238 28
242 28
249 28
258 28
270 31
278 28
287 31
296 38
307 37
319 38
330 38
338 36
349 32
354 31
361 34
369 35
378 31
391 35
397 32
409 32
419 35
428 33
439 34
448 28
460 27
470 28
481 30
493 35
504 31
513 29
523 28
533 25
545 28
549 25
551 25
551 24
556 22
561 25
565 21
568 22
572 23
575 24
581 24
589 22
598 26
607 28
615 27
625 28
635 27
647 27
658 27
666 27
674 25
680 26
687 27
694 26
697 28
697 28
697 28
698 27
705 25
711 24
715 27
721 25
727 22
732 22
737 22
740 22
743 26
747 25
755 28
756 28
755 27
757 22
761 24
760 26
759 29
760 28
759 29
759 27
760 30
759 29
760 25
761 23
757 23
756 23
759 19
762 18
761 18
760 18
761 13
762 12
763 13
764 14
762 12
763 12
763 10
763 11
762 11
762 12
762 9
761 10
762 8
764 8
764 10
765 7
765 6
765 3
765 9
766 7
765 7
768 3
767 3
764 2
762 2
760 2
757 5
755 3
753 4
747 5
745 5
742 8
739 5
732 7
730 10
727 9
723 9
719 8
714 9
707 9
701 12
700 9
700 7
701 8
701 9
703 10
706 10
706 11
704 12
702 16
697 15
695 16
696 19
692 21
688 25
683 30
679 36
676 44
674 50
673 56
673 64
674 68
678 75
687 79
692 89
691 92
706 95
708 105
711 112
722 113
727 120
731 121
729 119
727 119
726 121
728 119
727 119
726 120
729 119
729 119
728 119
725 120
725 120
728 119
729 118
729 118
729 118
729 120
728 119
729 117
728 117
728 118
724 119
726 118
724 119
724 119
725 120
725 120
727 119
730 117
725 120
727 121
728 120
726 121
726 122
738 123
746 126
755 129
761 135
762 138
761 138
763 137
763 137
764 136
768 134
769 132
770 129
770 124
772 122
769 122
772 120
774 118
775 111
776 109
778 104
776 106
776 105
777 105
779 100
778 103
782 100
781 99
782 98
779 93
779 90
779 91
780 93
778 90
774 91
772 87
774 90
774 89
781 86
783 86
783 84
781 80
783 78
784 75
782 71
780 64
781 60
779 54
781 51
781 49
782 45
781 41
780 38
779 37
778 32
776 26
778 23
779 21
777 19
776 19
774 18
772 19
773 18
770 18
770 18
773 23
774 24
778 22
779 21
780 19
780 16
780 17
780 17
780 16
779 16
778 14
776 17
774 17
774 16
773 14
771 16
772 18
772 20
773 22
776 23
773 28
778 26
779 24
777 26
779 25
778 29
782 31
780 32
777 37
782 36
780 42
782 46
782 50
781 53
782 58
780 61
780 66
779 70
780 76
780 81
779 84
781 88
780 92
781 98
782 102
780 105
778 109
782 117
781 121
782 126
780 131
781 138
780 145
780 150
781 153
781 160
782 165
781 170
777 173
778 180
780 186
781 189
784 194
781 197
783 203
781 206
781 210
781 214
781 221
780 227
779 233
780 239
780 243
780 249
782 252
779 254
780 255
779 256
782 257
780 257
782 258
782 258
780 259
780 259
779 259
774 254
775 254
778 251
778 251
775 251
776 255
778 256
781 257
780 257
781 259
781 264
780 267
780 271
781 276
780 284
780 291
778 296
779 300
779 311
780 314
777 317
779 323
779 334
781 338
780 341
781 346
781 352
781 356
780 357
778 358
778 355
779 354
773 349
776 353
773 348
763 343
758 333
757 332
751 334
754 339
753 342
752 340
749 338
748 338
746 339
742 336
742 338
739 328
733 330
727 325
725 318
719 312
715 305
710 297
706 287
700 278
697 270
692 259
690 251
686 238
679 231
677 219
673 207
664 196
661 184
653 175
652 162
647 148
644 138
643 125
634 115
636 102
630 90
630 80
630 70
623 60
625 44
613 35
612 32
604 31
595 31
589 25
581 28
573 29
571 28
571 29
566 32
560 33
554 33
549 35
539 32
530 32
521 26
517 25
517 26
517 23
521 25
520 23
519 21
516 22
518 20
518 20
519 21
521 22
525 25
530 25
530 28
534 29
536 29
540 32
546 31
554 28
563 29
573 29
585 32
595 33
604 28
614 31
624 28
633 27
644 27
654 30
665 32
673 32
677 34
685 34
695 33
705 32
712 31
715 25
722 24
728 23
731 24
735 22
735 19
737 18
736 13
739 14
742 11
743 9
744 9
744 9
744 9
743 10
743 10
744 9
745 11
745 8
744 4
743 5
740 3
740 2
741 3
739 2
739 3
737 4
736 6
735 6
732 3
728 3
724 3
721 6
718 4
714 4
711 4
707 3
705 6
700 5
695 4
691 5
687 4
683 4
678 4
674 2
670 4
667 5
665 5
662 8
659 8
658 6
657 3
655 4
653 5
651 4
650 4
646 6
643 8
640 6
636 8
630 8
626 9
624 9
621 9
616 11
611 14
606 12
601 12
596 14
591 16
586 15
581 17
578 22
569 23
565 24
562 29
554 34
546 38
537 42
528 47
518 51
507 54
497 57
485 59
474 62
461 63
448 64
440 59
430 51
420 47
412 44
409 35
405 32
407 30
407 30
406 29
402 27
398 25
394 25
389 27
384 31
379 35
371 41
364 45
355 52
346 58
335 64
325 72
315 78
304 88
293 95
285 101
274 111
265 119
255 125
243 133
234 137
224 141
213 146
200 148
188 151
176 152
163 151
150 149
137 151
123 148
111 147
99 149
88 148
75 147
63 143
53 141
46 138
41 130
41 125
38 119
37 115
36 114
36 113
37 113
36 113
37 110
33 101
29 95
26 90
27 85
25 83
25 76
28 72
27 66
33 60
29 55
32 50
33 45
34 38
35 38
36 38
36 38
37 36
38 31
36 30
39 29
38 25
39 26
39 25
39 25
39 26
36 27
36 25
34 27
32 26
32 27
31 25
30 32
29 32
28 33
27 33
24 32
22 35
22 36
22 38
23 37
21 37
19 37
19 37
18 37
17 36
17 38
18 39
15 37
15 35
14 36
14 34
15 30
15 27
14 27
14 24
13 21
13 19
13 19
14 18
15 18
15 19
16 19
16 19
17 19
16 18
19 15
20 14
20 14
20 13
21 12
21 11
24 10
27 6
30 7
33 6
38 8
41 5
44 6
47 7
51 7
57 5
61 7
63 6
64 8
66 8
71 6
77 5
83 5
85 6
89 8
94 8
98 6
101 5
105 6
111 6
114 6
115 7
114 6
110 9
108 9
106 9
101 7
100 8
98 6
100 8
99 10
95 8
95 9
95 9
91 11
88 10
87 10
86 11
84 12
81 14
76 12
72 12
69 13
65 12
58 14
54 14
50 12
47 15
42 18
39 18
37 18
36 21
37 22
35 24
33 24
33 25
32 25
30 29
28 33
26 33
25 38
25 45
23 56
24 61
25 68
27 75
29 83
30 94
34 101
38 113
37 115
32 123
34 130
36 137
31 146
39 153
45 159
41 171
53 177
58 184
56 196
62 204
57 214
53 219
60 233
52 237
47 239
50 253
37 256
36 258
35 263
41 273
36 280
43 288
47 295
41 304
43 316
45 327
41 332
44 348
43 355
41 358
40 359
42 363
42 360
41 359
45 368
36 371
38 377
38 386
39 393
40 393
36 395
43 402
44 406
45 414
49 420
50 426
45 438
49 452
46 460
48 477
42 486
41 495
43 509
47 519
51 534
55 545
58 559
59 572
62 581
59 595
56 604
50 616
42 625
46 640
45 648
48 663
52 673
60 684
71 689
70 700
80 708
85 720
93 731
98 743
106 748
116 749
117 750
119 747
119 751
126 751
127 754
130 750
135 749
141 748
151 748
157 747
163 747
171 748
178 745
183 739
187 741
187 739
187 740
187 740
187 740
189 739
197 737
207 733
215 731
225 730
236 727
246 727
251 722
256 716
256 719
256 719
259 721
264 715
273 718
282 720
287 725
293 731
299 740
306 747
314 748
320 748
330 745
337 744
346 744
351 741
355 741
355 741
355 741
355 740
356 740
360 740
369 741
380 742
390 744
400 745
406 745
412 745
420 741
426 742
434 739
438 735
441 735
443 733
444 733
443 733
443 733
442 733
448 734
457 729
463 724
472 719
481 716
484 711
486 711
485 712
486 711
486 711
493 711
505 710
514 714
523 717
532 724
541 728
553 731
558 738
564 743
568 747
577 746
584 744
591 741
602 737
608 735
614 734
624 733
632 730
639 730
646 725
645 723
645 723
645 723
644 722
645 723
647 725
653 719
660 712
666 704
669 695
674 686
679 678
684 666
690 659
693 650
692 639
693 632
696 621
694 618
695 618
695 618
695 618
694 616
692 617
693 612
700 612
697 608
691 596
695 583
693 571
700 562
703 551
698 540
705 530
708 519
717 510
723 500
734 490
739 481
749 476
752 469
748 460
746 455
744 450
743 448
740 447
738 447
741 444
741 443
740 444
740 445
737 445
735 437
734 431
737 430
745 427
751 426
756 426
754 425
754 426
755 428
755 428
752 428
746 427
742 435
741 437
735 445
738 448
736 457
740 464
743 472
744 482
749 491
754 503
757 508
755 512
746 525
755 529
757 542
754 553
756 562
754 574
752 582
754 587
750 602
749 611
748 625
743 634
750 644
742 658
747 669
746 689
746 700
744 717
741 729
741 738
734 741
729 741
721 743
717 743
710 743
707 743
705 742
705 742
705 742
702 744
697 744
692 744
688 744
687 742
687 742
686 742
687 741
692 743
692 747
693 750
692 754
694 754
699 750
703 752
704 752
707 753
711 753
714 754
718 753
725 753
729 750
734 752
739 752
744 754
750 753
754 754
753 753
752 752
756 755
757 757
759 755
761 756
763 759
763 758
765 763
764 758
765 761
766 757
766 758
765 759
767 758
768 764
770 760
767 764
764 765
766 762
766 762
766 762
767 761
764 762
764 762
764 763
765 763
765 762
764 761
769 760
770 755
764 759
764 759
767 759
765 759
764 759
763 758
761 763
763 765
765 761
766 760
766 764
765 764
766 761
767 761
766 763
765 759
765 754
765 755
763 755
763 755
765 756
766 755
766 754
768 753
769 750
767 748
771 747
772 743
774 741
773 740
773 739
771 739
772 737
771 736
772 732
770 726
771 724
772 721
767 719
768 713
768 707
765 700
764 695
764 691
763 682
761 675
755 666
761 657
757 649
756 639
760 631
763 625
764 619
765 615
769 611
769 613
769 612
768 611
770 613
767 610
766 606
766 601
760 594
758 590
765 587
760 582
758 577
762 569
761 561
757 552
763 543
764 539
764 533
760 527
769 524
771 523
772 522
770 520
772 523
775 522
774 514
772 515
774 516
775 515
775 514
775 514
772 516
776 515
779 514
777 514
779 515
781 517
782 517
780 518
781 518
778 517
780 517
777 513
776 511
778 510
779 503
782 500
780 495
781 491
780 489
779 484
780 478
779 474
782 471
781 467
779 463
782 458
783 457
778 455
779 450
778 447
781 443
782 440
782 435
781 431
781 425
781 418
781 412
780 407
780 399
781 394
781 390
781 386
781 381
779 374
781 371
782 366
780 361
781 354
780 350
781 348
779 343
780 336
781 333
781 329
782 324
782 321
783 318
783 315
781 313
782 307
781 303
782 296
781 294
780 284
779 280
781 274
779 269
782 262
781 256
778 253
779 247
778 246
779 244
781 241
781 236
783 234
784 232
782 224
782 220
781 217
780 214
782 210
782 204
782 198
781 191
780 188
781 179
779 173
781 172
782 170
781 165
780 161
781 159
780 151
779 148
780 146
781 144
780 145
781 141
782 135
781 133
780 125
781 118
781 113
780 107
780 99
778 92
780 86
779 82
778 74
779 64
780 58
778 54
780 47
779 42
779 36
779 30
775 25
777 22
777 22
776 21
773 22
772 22
773 22
774 24
777 26
779 25
776 25
774 25
774 22
771 22
770 22
769 28
763 52
749 70
751 73
747 76
748 79
751 77
750 75
744 75
740 76
736 72
729 69
724 64
719 62
715 49
711 41
704 35
702 28
695 26
688 25
681 29
675 31
668 32
660 32
650 33
641 33
631 31
621 28
611 31
602 28
591 26
581 28
572 28
564 31
556 32
550 37
546 38
539 45
533 50
525 55
517 60
509 69
497 72
492 82
484 89
477 95
469 102
459 107
455 115
450 122
442 129
439 137
434 144
432 155
431 164
426 173
428 185
423 194
425 205
422 214
412 221
415 234
406 242
405 253
408 263
398 271
402 282
397 291
391 297
396 307
390 317
391 326
396 334
391 344
397 356
389 365
388 376
386 381
373 383
368 393
361 396
356 402
349 407
340 416
337 427
330 436
323 443
325 456
313 460
312 473
302 477
297 486
296 498
281 502
276 513
268 520
259 529
251 535
240 536
231 541
223 548
217 548
208 550
206 550
207 550
210 553
208 558
202 566
198 575
192 583
193 599
185 609
188 624
178 633
178 646
173 657
174 669
174 680
179 692
185 704
190 713
191 727
193 737
192 743
187 743
178 740
175 742
165 742
155 741
146 744
137 748
127 746
123 745
116 744
108 741
102 741
95 739
85 740
75 741
64 742
51 745
45 746
45 747
47 742
48 741
45 738
44 739
45 739
45 738
45 738
45 735
45 738
44 734
44 734
43 735
41 735
40 741
39 740
38 742
35 744
32 746
33 746
36 748
38 750
40 751
38 755
41 756
44 756
46 759
49 760
50 761
50 767
49 764
51 764
52 763
51 764
51 765
48 765
47 768
43 768
39 767
37 768
35 768
33 767
34 767
32 764
30 763
27 764
27 762
26 762
24 761
25 761
26 761
25 762
26 761
25 759
23 757
21 757
21 755
21 752
20 747
20 744
19 741
21 739
19 738
20 737
21 732
21 731
23 732
24 730
26 729
26 728
25 727
23 726
23 727
21 728
20 727
19 728
20 728
20 728
18 728
20 728
19 728
17 727
20 727
21 725
23 723
23 720
22 714
21 708
22 700
21 697
21 694
21 691
21 686
20 682
21 680
21 676
18 673
20 666
18 662
20 656
20 649
20 645
20 643
20 639
20 635
19 629
19 625
19 620
19 614
20 609
21 598
18 596
20 592
20 586
22 573
21 571
20 569
20 564
20 556
20 549
20 543
19 537
20 525
18 523
22 520
20 514
22 502
21 501
22 498
20 494
19 490
19 486
18 483
18 478
18 473
17 466
19 462
18 457
16 451
16 445
19 443
18 434
17 427
18 421
16 417
18 413
19 407
19 402
19 396
18 388
16 380
18 377
18 368
16 360
17 357
18 354
17 346
15 340
16 336
17 332
18 325
17 316
19 311
18 303
16 297
15 291
16 287
16 282
15 275
15 272
16 270
16 270
15 270
18 266
17 260
15 251
20 248
16 246
16 240
16 236
16 231
18 227
17 217
16 213
18 211
18 202
18 194
17 193
16 189
14 187
15 185
16 181
14 175
15 170
16 167
17 161
15 154
15 147
15 142
16 140
14 132
17 121
17 118
15 115
16 114
16 109
13 106
16 101
15 95
15 85
14 78
13 74
14 67
13 62
13 57
12 54
12 48
14 39
13 33
15 28
16 25
19 21
20 18
22 18
25 18
25 14
25 11
32 12
35 8
40 9
47 9
51 8
56 10
61 8
66 7
70 5
76 8
82 5
85 6
85 7
85 7
88 8
91 6
95 8
99 8
102 6
104 7
106 5
108 5
108 5
108 5
108 6
109 5
109 7
110 7
111 9
112 9
114 9
114 12
113 13
113 13
112 12
109 10
105 12
105 8
105 6
104 7
102 6
101 7
101 6
100 6
99 5
98 5
96 9
93 10
92 9
89 11
86 11
85 9
81 11
77 12
72 7
71 11
67 10
63 10
58 9
55 9
53 11
49 9
48 11
45 12
48 16
47 15
45 17
45 18
48 22
50 20
50 22
50 23
53 24
54 26
58 28
63 31
64 35
65 41
74 41
78 44
83 46
90 46
98 47
105 48
112 47
122 45
130 47
140 47
148 48
157 50
165 47
174 45
180 42
186 38
191 34
194 35
199 34
206 31
212 34
220 34
228 35
236 38
243 41
252 41
259 44
265 49
273 51
280 56
288 57
298 61
308 66
316 66
323 64
330 66
339 65
346 62
351 62
353 60
353 60
353 62
353 62
354 62
359 65
365 69
371 75
378 79
385 84
392 89
399 95
404 99
409 104
418 105
424 114
431 117
439 121
446 124
450 123
459 122
467 119
476 116
485 111
494 110
502 108
510 110
518 112
528 115
537 119
548 125
557 127
568 131
579 131
588 131
597 130
606 127
614 123
621 118
626 112
633 107
642 102
650 102
658 102
668 102
676 102
679 100
679 99
680 99
680 99
680 99
679 99
680 96
683 88
683 81
686 71
690 63
696 60
697 49
704 44
711 45
712 43
716 45
723 47
732 50
741 54
751 57
755 57
754 57
754 57
756 54
757 52
760 52
764 51
765 51
766 49
765 45
766 43
766 40
766 38
765 36
766 32
766 31
764 30
766 29
766 27
766 25
768 25
764 25
764 25
765 25
765 25
768 26
767 29
765 31
767 34
769 35
770 38
771 41
769 41
770 40
771 42
772 46
771 48
773 49
773 49
774 49
776 46
778 47
777 46
777 42
777 40
780 38
779 35
780 34
780 32
779 29
779 26
780 24
780 22
779 23
779 22
778 22
781 20
781 19
781 19
781 19
780 19
780 18
777 17
776 16
776 15
777 14
778 17
775 11
775 11
775 11
775 11
774 10
774 11
775 10
771 11
770 10
770 9
768 8
767 8
767 7
766 6
762 5
762 4
761 3
760 3
759 2
756 3
754 2
753 5
748 3
745 3
739 3
735 2
733 2
732 3
729 4
725 4
721 5
716 1
714 2
712 5
708 4
705 4
703 3
699 2
696 2
693 3
689 4
684 5
679 2
675 4
671 4
666 4
660 3
656 5
651 5
647 4
644 3
641 3
639 4
636 5
634 5
632 6
629 5
624 3
621 3
619 4
615 3
611 3
609 3
604 5
598 5
593 4
590 3
587 3
586 4
585 6
585 5
584 5
584 6
585 6
585 5
586 3
590 6
592 2
596 2
595 7
599 6
600 4
602 6
